Atlanta 6307000 8376 208 483 291 10
Boston 4941000 4833 196 340 524 12
Chicago 9618000 10286 371 304 399 6
Cincinnati 2163000 4808 185 274 232 7
Dallas 6637000 9286 288 210 199 6
Houston 7112000 10062 294 287 212 7
Las_Vegas 2953000 3611 187 221 190 5
Los_Angeles 15351000 13537 383 293 583 14
Minneapolis 3692000 9121 208 236 281 6
New_York_City 19601000 17871 279 352 698 15
Seattle 4107000 6309 187 208 419 6
St_Louis 2809000 8453 202 358 209 6
Washington_DC 9547000 10355 306 310 571 11